Accuracy: 94.97794367153037% (94.98%)
Precision: 95.10416950205004% (95.10%)
Recall: 94.9518619640603% (94.95%)
F1-score: 94.8954215501673% (94.90%)
Params: 2820646 (2.82M)
FLOPs:4.72M
