Accuracy: 97.60348583877996% (97.60%)
Precision: 97.65577812651495% (97.66%)
Recall: 97.65918214830862% (97.66%)
F1-score: 97.65522447045737% (97.66%)
Params: 2963127 (2.96M)
FLOPs: 88.47M

