Accuracy: 98.43407453805199% (98.43%)
Precision: 98.57748748187156% (98.58%)
Recall: 98.51046033115935% (98.51%)
F1-score: 98.54177865989533% (98.54%)
Params: 15997066 (16.00M)
FLOPs: 47.36M

