Accuracy: 97.38562091503267% (97.39%)
Precision: 97.46308573253637% (97.46%)
Recall: 97.4329074391598% (97.43%)
F1-score: 97.44228433879881% (97.44%)
Params: 15989575 (15.99M)
FLOPs: 338.99M

