Accuracy: 98.30880050109614% (98.31%)
Precision: 98.43597530239224% (98.44%)
Recall: 98.29123580746439% (98.29%)
F1-score: 98.35771576178871% (98.36%)
Params: 2966010 (2.97M)
FLOPs: 10.31M

