Accuracy: 83.80537400145244% (83.81%)
Precision: 84.7355807564687% (84.74%)
Recall: 84.2351102112433% (84.24%)
F1-score: 84.39393040537657% (84.39%)
Params: 2821527 (2.82M)
FLOPs: 10.52M

