Accuracy: 95.01187648456056% (95.01%)
Precision: 95.10508858375358% (95.11%)
Recall: 95.08537422993147% (95.09%)
F1-score: 95.08007862146987% (95.08%)
Params: 2963958 (2.96M)
FLOPs: 26.49M
