Accuracy: 90.63576573755088% (90.64%)
Precision: 91.8892874655856% (91.89%)
Recall: 91.3662519025895% (91.37%)
F1-score: 91.57981041239358% (91.58%)
Params: 2824746 (2.82M)
FLOPs: 3.54M
