Accuracy: 84.24110384894699% (84.24%)
Precision: 84.90024874403443% (84.90%)
Recall: 84.65960289539119% (84.66%)
F1-score: 84.59985339436633% (84.60%)
Params: 572743 (0.57M)
FLOPs: 59.63M

