Accuracy: 93.79029521547336% (93.79%)
Precision: 93.83966350558617% (93.84%)
Recall: 93.9806789769713% (93.98%)
F1-score: 93.88120687133109% (93.88%)
Params: 15988870 (15.99M)
FLOPs: 97.27M

