Accuracy: 93.72242958941295% (93.72%)
Precision: 93.62109925172129% (93.62%)
Recall: 93.6420632715663% (93.64%)
F1-score: 93.61625283960873% (93.62%)
Params: 249990 (0.25M)
FLOPs:26.63M
