Accuracy: 93.61102411525212% (93.61%)
Precision: 94.0971156029082% (94.10%)
Recall: 93.96962601438311% (93.97%)
F1-score: 93.99568770074426% (94.00%)
Params: 183754 (0.18M)
FLOPs: 10.84M



